Значение X,Значение многочлена,Not Horner,Pазность полученных значений,
0.0,1.0,1.0,0.0,
0.1,1.11,1.11,0.0,
0.2,1.24,1.24,0.0,
0.30000000000000004,1.3900000000000001,1.3900000000000001,0.0,
0.4,1.56,1.56,0.0,
0.5,1.75,1.75,0.0,
0.6000000000000001,1.9600000000000002,1.9600000000000002,0.0,
0.7000000000000001,2.1900000000000004,2.1900000000000004,0.0,
0.8,2.4400000000000004,2.4400000000000004,0.0,
0.9,2.71,2.71,0.0,
1.0,3.0,3.0,0.0,
1.1,3.3100000000000005,3.3100000000000005,0.0,
1.2000000000000002,3.6400000000000006,3.6400000000000006,0.0,
1.3,3.9899999999999998,3.99,-4.440892098500626E-16,
1.4000000000000001,4.360000000000001,4.36,8.881784197001252E-16,
1.5,4.75,4.75,0.0,
1.6,5.16,5.16,0.0,
1.7000000000000002,5.590000000000001,5.590000000000001,0.0,
1.8,6.04,6.04,0.0,
1.9000000000000001,6.510000000000001,6.510000000000001,0.0,
2.0,7.0,7.0,0.0,
2.1,7.510000000000001,7.51,8.881784197001252E-16,
2.2,8.040000000000001,8.040000000000001,0.0,
2.3000000000000003,8.590000000000002,8.590000000000002,0.0,
2.4000000000000004,9.160000000000002,9.160000000000002,0.0,
2.5,9.75,9.75,0.0,
2.6,10.360000000000001,10.360000000000001,0.0,
2.7,10.990000000000002,10.990000000000002,0.0,
2.8000000000000003,11.640000000000002,11.640000000000002,0.0,
2.9000000000000004,12.310000000000002,12.310000000000002,0.0,
3.0,13.0,13.0,0.0,
3.1,13.709999999999999,13.71,-1.7763568394002505E-15,
3.2,14.440000000000001,14.440000000000001,0.0,
3.3000000000000003,15.190000000000003,15.190000000000003,0.0,
3.4000000000000004,15.960000000000003,15.960000000000003,0.0,
3.5,16.75,16.75,0.0,
3.6,17.56,17.560000000000002,-3.552713678800501E-15,
3.7,18.39,18.39,0.0,
3.8000000000000003,19.240000000000006,19.240000000000002,3.552713678800501E-15,
3.9000000000000004,20.110000000000003,20.110000000000003,0.0,
4.0,21.0,21.0,0.0,
4.1000000000000005,21.910000000000004,21.910000000000007,-3.552713678800501E-15,
4.2,22.840000000000003,22.84,3.552713678800501E-15,
4.3,23.79,23.79,0.0,
4.4,24.760000000000005,24.760000000000005,0.0,
4.5,25.75,25.75,0.0,
4.6000000000000005,26.760000000000005,26.760000000000005,0.0,
4.7,27.790000000000003,27.790000000000003,0.0,
4.800000000000001,28.840000000000007,28.840000000000007,0.0,
4.9,29.910000000000004,29.910000000000004,0.0,
5.0,31.0,31.0,0.0,
5.1000000000000005,32.11000000000001,32.11000000000001,0.0,
5.2,33.24,33.24,0.0,
5.300000000000001,34.39000000000001,34.39000000000001,0.0,
5.4,35.56,35.56,0.0,
5.5,36.75,36.75,0.0,
5.6000000000000005,37.96000000000001,37.96000000000001,0.0,
5.7,39.190000000000005,39.190000000000005,0.0,
5.800000000000001,40.44000000000001,40.44000000000001,0.0,
5.9,41.71000000000001,41.71,7.105427357601002E-15,
6.0,43.0,43.0,0.0,
6.1000000000000005,44.31000000000001,44.31000000000001,0.0,
6.2,45.64,45.64000000000001,-7.105427357601002E-15,
6.300000000000001,46.99000000000001,46.99000000000001,0.0,
6.4,48.36000000000001,48.36000000000001,0.0,
6.5,49.75,49.75,0.0,
6.6000000000000005,51.16000000000001,51.16000000000001,0.0,
6.7,52.59,52.59,0.0,
6.800000000000001,54.04000000000001,54.040000000000006,7.105427357601002E-15,
6.9,55.510000000000005,55.510000000000005,0.0,
7.0,57.0,57.0,0.0,
7.1000000000000005,58.51000000000001,58.51000000000001,0.0,
7.2,60.04,60.040000000000006,-7.105427357601002E-15,
7.300000000000001,61.59000000000001,61.59000000000002,-7.105427357601002E-15,
7.4,63.160000000000004,63.160000000000004,0.0,
7.5,64.75,64.75,0.0,
7.6000000000000005,66.36000000000001,66.36,1.4210854715202004E-14,
7.7,67.99,67.99000000000001,-1.4210854715202004E-14,
7.800000000000001,69.64000000000001,69.64000000000001,0.0,
7.9,71.31,71.31,0.0,
8.0,73.0,73.0,0.0,
8.1,74.71,74.71,0.0,
8.200000000000001,76.44000000000001,76.44000000000003,-1.4210854715202004E-14,
8.3,78.19000000000001,78.19000000000001,0.0,
8.4,79.96000000000001,79.96000000000001,0.0,
8.5,81.75,81.75,0.0,
8.6,83.55999999999999,83.55999999999999,0.0,
8.700000000000001,85.39000000000001,85.39000000000001,0.0,
8.8,87.24000000000001,87.24000000000001,0.0,
8.9,89.11000000000001,89.11000000000001,0.0,
9.0,91.0,91.0,0.0,
9.1,92.91,92.90999999999998,1.4210854715202004E-14,
9.200000000000001,94.84000000000002,94.84000000000002,0.0,
9.3,96.79000000000002,96.79,1.4210854715202004E-14,
9.4,98.76,98.76000000000002,-1.4210854715202004E-14,
9.5,100.75,100.75,0.0,
9.600000000000001,102.76000000000003,102.76000000000002,1.4210854715202004E-14,
9.700000000000001,104.79000000000002,104.79000000000002,0.0,
9.8,106.84000000000002,106.84000000000002,0.0,
9.9,108.91000000000001,108.91000000000001,0.0,
10.0,111.0,111.0,0.0,
10.100000000000001,113.11000000000003,113.11000000000004,-1.4210854715202004E-14,
10.200000000000001,115.24000000000002,115.24000000000002,0.0,
10.3,117.39000000000001,117.39000000000001,0.0,
10.4,119.56,119.56000000000002,-1.4210854715202004E-14,
10.5,121.75,121.75,0.0,
10.600000000000001,123.96000000000004,123.96000000000004,0.0,
10.700000000000001,126.19000000000003,126.19000000000003,0.0,
10.8,128.44,128.44,0.0,
10.9,130.71,130.71,0.0,
11.0,133.0,133.0,0.0,
11.100000000000001,135.31000000000003,135.31000000000003,0.0,
11.200000000000001,137.64000000000001,137.64000000000001,0.0,
11.3,139.99,139.99,0.0,
11.4,142.36,142.36,0.0,
11.5,144.75,144.75,0.0,
11.600000000000001,147.16000000000003,147.16000000000003,0.0,
11.700000000000001,149.59000000000003,149.59,2.8421709430404007E-14,
11.8,152.04000000000002,152.04000000000002,0.0,
11.9,154.51000000000002,154.51000000000002,0.0,
12.0,157.0,157.0,0.0,
12.100000000000001,159.51000000000005,159.51000000000002,2.8421709430404007E-14,
12.200000000000001,162.04000000000002,162.04000000000002,0.0,
12.3,164.59000000000003,164.59000000000003,0.0,
12.4,167.16,167.16000000000003,-2.8421709430404007E-14,
12.5,169.75,169.75,0.0,
12.600000000000001,172.36000000000004,172.36000000000004,0.0,
12.700000000000001,174.99000000000004,174.99,2.8421709430404007E-14,
12.8,177.64000000000001,177.64000000000004,-2.8421709430404007E-14,
12.9,180.31,180.31,0.0,
13.0,183.0,183.0,0.0,
13.100000000000001,185.71000000000004,185.71000000000004,0.0,
13.200000000000001,188.44000000000003,188.44000000000003,0.0,
13.3,191.19000000000003,191.19000000000003,0.0,
13.4,193.96,193.96,0.0,
13.5,196.75,196.75,0.0,
13.600000000000001,199.56000000000003,199.56000000000003,0.0,
13.700000000000001,202.39000000000004,202.39000000000001,2.8421709430404007E-14,
13.8,205.24,205.24000000000004,-2.8421709430404007E-14,
13.9,208.11,208.11,0.0,
14.0,211.0,211.0,0.0,
14.100000000000001,213.91000000000005,213.91000000000003,2.8421709430404007E-14,
14.200000000000001,216.84000000000003,216.84000000000003,0.0,
14.3,219.79000000000002,219.79000000000002,0.0,
14.4,222.76000000000002,222.76000000000002,0.0,
14.5,225.75,225.75,0.0,
14.600000000000001,228.76000000000005,228.76000000000005,0.0,
14.700000000000001,231.79000000000002,231.79000000000002,0.0,
14.8,234.84000000000003,234.84000000000003,0.0,
14.9,237.91000000000003,237.91000000000003,0.0,
15.0,241.0,241.0,0.0,
15.100000000000001,244.11000000000004,244.11000000000004,0.0,
15.200000000000001,247.24000000000007,247.24,5.6843418860808015E-14,
15.3,250.39000000000001,250.39000000000004,-2.8421709430404007E-14,
15.4,253.55999999999997,253.56000000000003,-5.6843418860808015E-14,
15.5,256.75,256.75,0.0,
15.600000000000001,259.96000000000004,259.96000000000004,0.0,
15.700000000000001,263.19000000000005,263.19000000000005,0.0,
15.8,266.44,266.44,0.0,
15.9,269.71,269.71,0.0,
16.0,273.0,273.0,0.0,
16.1,276.31000000000006,276.31000000000006,0.0,
16.2,279.64,279.64,0.0,
16.3,282.99,282.99,0.0,
16.400000000000002,286.36000000000007,286.36000000000007,0.0,
16.5,289.75,289.75,0.0,
16.6,293.16,293.1600000000001,-5.6843418860808015E-14,
16.7,296.59,296.59,0.0,
16.8,300.04,300.04,0.0,
16.900000000000002,303.51000000000005,303.51000000000005,0.0,
17.0,307.0,307.0,0.0,
17.1,310.51000000000005,310.51000000000005,0.0,
17.2,314.03999999999996,314.03999999999996,0.0,
17.3,317.59000000000003,317.59000000000003,0.0,
17.400000000000002,321.1600000000001,321.16,5.6843418860808015E-14,
17.5,324.75,324.75,0.0,
17.6,328.36000000000007,328.36000000000007,0.0,
17.7,331.98999999999995,331.98999999999995,0.0,
17.8,335.64000000000004,335.64000000000004,0.0,
17.900000000000002,339.31000000000006,339.31000000000006,0.0,
18.0,343.0,343.0,0.0,
18.1,346.71000000000004,346.7100000000001,-5.6843418860808015E-14,
18.2,350.44,350.43999999999994,5.6843418860808015E-14,
18.3,354.19000000000005,354.19000000000005,0.0,
18.400000000000002,357.9600000000001,357.96000000000004,5.6843418860808015E-14,
18.5,361.75,361.75,0.0,
18.6,365.56000000000006,365.56000000000006,0.0,
18.7,369.39,369.39,0.0,
18.8,373.24,373.24000000000007,-5.6843418860808015E-14,
18.900000000000002,377.11000000000007,377.11000000000007,0.0,
19.0,381.0,381.0,0.0,
19.1,384.9100000000001,384.9100000000001,0.0,
19.200000000000003,388.8400000000001,388.8400000000001,0.0,
19.3,392.79,392.79,0.0,
19.400000000000002,396.7600000000001,396.76000000000005,5.6843418860808015E-14,
19.5,400.75,400.75,0.0,
19.6,404.76000000000005,404.7600000000001,-5.6843418860808015E-14,
19.700000000000003,408.79000000000013,408.7900000000001,5.6843418860808015E-14,
19.8,412.84000000000003,412.84000000000003,0.0,
19.900000000000002,416.9100000000001,416.9100000000001,0.0,
20.0,421.0,421.0,0.0,
20.1,425.11000000000007,425.11000000000007,0.0,
20.200000000000003,429.2400000000001,429.2400000000001,0.0,
20.3,433.39000000000004,433.39000000000004,0.0,
20.400000000000002,437.5600000000001,437.56000000000006,5.6843418860808015E-14,
20.5,441.75,441.75,0.0,
20.6,445.96000000000004,445.9600000000001,-5.6843418860808015E-14,
20.700000000000003,450.1900000000001,450.1900000000001,0.0,
20.8,454.44000000000005,454.44000000000005,0.0,
20.900000000000002,458.7100000000001,458.7100000000001,0.0,
21.0,463.0,463.0,0.0,
21.1,467.31000000000006,467.31000000000006,0.0,
21.200000000000003,471.6400000000001,471.6400000000001,0.0,
21.3,475.99,475.99000000000007,-5.6843418860808015E-14,
21.400000000000002,480.36000000000007,480.36000000000007,0.0,
21.5,484.75,484.75,0.0,
21.6,489.1600000000001,489.1600000000001,0.0,
21.700000000000003,493.59000000000015,493.5900000000001,5.6843418860808015E-14,
21.8,498.04,498.04,0.0,
21.900000000000002,502.5100000000001,502.51000000000005,5.6843418860808015E-14,
22.0,507.0,507.0,0.0,
22.1,511.51000000000005,511.5100000000001,-5.6843418860808015E-14,
22.200000000000003,516.0400000000001,516.0400000000002,-1.1368683772161603E-13,
22.3,520.59,520.59,0.0,
22.400000000000002,525.1600000000001,525.1600000000001,0.0,
22.5,529.75,529.75,0.0,
22.6,534.36,534.36,0.0,
22.700000000000003,538.9900000000001,538.9900000000001,0.0,
22.8,543.64,543.64,0.0,
22.900000000000002,548.3100000000001,548.3100000000001,0.0,
23.0,553.0,553.0,0.0,
23.1,557.71,557.71,0.0,
23.200000000000003,562.4400000000002,562.4400000000002,0.0,
23.3,567.19,567.1899999999999,1.1368683772161603E-13,
23.400000000000002,571.9600000000002,571.96,1.1368683772161603E-13,
23.5,576.75,576.75,0.0,
23.6,581.5600000000001,581.5600000000001,0.0,
23.700000000000003,586.3900000000001,586.3900000000002,-1.1368683772161603E-13,
23.8,591.24,591.24,0.0,
23.900000000000002,596.1100000000001,596.1100000000001,0.0,
24.0,601.0,601.0,0.0,
24.1,605.9100000000001,605.9100000000001,0.0,
24.200000000000003,610.8400000000001,610.8400000000001,0.0,
24.3,615.7900000000001,615.79,1.1368683772161603E-13,
24.400000000000002,620.7600000000001,620.7600000000001,0.0,
24.5,625.75,625.75,0.0,
24.6,630.7600000000001,630.7600000000001,0.0,
24.700000000000003,635.7900000000002,635.7900000000002,0.0,
24.8,640.84,640.84,0.0,
24.900000000000002,645.9100000000001,645.9100000000001,0.0,
25.0,651.0,651.0,0.0,
